4   1.7242376689999999
3   1.724570366
1   1.7329801759999999
6   1.732599003
2   1.733209736
5   1.7355567669999998
7   1.723776988
10   1.734337536
11   1.73561128
9   1.736980841
12   1.736990528
8   1.739357428
14   1.720861513
13   1.724659784
16   1.7338666790000001
18   1.734211269
15   1.73509215
17   1.743334048
19   1.7184140650000002
23   1.7350792689999999
22   1.735685825
20   1.736763552
24   1.736392182
21   1.741516456
25   1.719081411
27   1.72243374
28   1.7236384500000002
26   1.724898929
29   1.729183546
30   1.7302265700000001
32   1.7205827280000001
31   1.724768386
34   1.734162424
35   1.734933758
36   1.736830377
33   1.7377503079999999
37   1.721962462
38   1.733489174
42   1.733106579
41   1.7388090630000002
39   1.744132128
40   1.756864274
43   1.7277759019999999
48   1.736993067
46   1.74445037
45   1.74658595
44   1.747726164
47   1.74788238
50   1.7297881130000001
49   1.733483205
51   1.738987839
54   1.751727842
52   1.752785583
53   1.78876691
57   1.723328797
55   1.727249589
56   1.7336919339999999
59   1.73895357
60   1.7396335920000001
58   1.746890837
