1   1.633598789
2   3.246385183
3   4.851015162
4   6.467692264
5   8.075227956
6   9.690916705
7   8.295549197
8   9.908697554
9   11.523058451
10   13.137440537
11   14.74562724
12   16.35114473
13   14.962354451
14   16.5726524
15   18.193839834
16   19.807139248
17   21.416200923
18   23.033850639
19   21.674465872
20   23.331960285
21   25.017608796
22   26.710704658
23   28.378025562
24   30.065569014
25   28.718280765
26   30.378541759
27   32.024017069
28   33.66632565
29   35.307555941
30   36.95254307
31   35.607126358
32   37.268504148
33   38.919792377
34   40.582529818
35   42.227058873
36   43.866543738
37   42.530839063
38   44.178642193
39   45.803430487
40   47.457098478
41   49.117266399
42   50.749900005
43   49.415596532
44   51.068505251
45   52.702266718
46   54.326718507
47   55.951983165
48   57.576371749
49   56.224400911
50   57.876357117
51   59.504153274
52   61.128181638
53   62.76001095
54   64.394207096
55   63.022521751
56   64.655655769
57   66.288195456
58   67.926166593
59   69.567432756
60   71.21822966
