4   1.550476456
3   1.5516042159999999
1   1.556561911
5   1.561249447
6   1.5612788050000002
2   1.732129441
10   1.547082803
9   1.547394178
7   1.556636688
12   1.559550798
11   1.559937291
8   1.8400961329999999
16   1.547854584
15   1.54826176
13   1.554701758
18   1.563375083
17   1.5637465069999998
14   1.8195583389999999
22   1.546989545
20   1.5474860000000001
21   1.5531842729999998
19   1.555531116
23   1.559638649
24   1.559712433
28   1.5478623740000002
27   1.548227594
26   1.5485389330000001
25   1.556426364
30   1.565401478
29   1.5658474660000001
33   1.546665739
34   1.546675827
32   1.54744291
31   1.5534230070000001
36   1.560901561
35   1.561287007
39   1.547345881
40   1.547496285
38   1.5480331550000002
37   1.55562577
42   1.560791231
41   1.561209427
46   1.547889036
45   1.548328838
44   1.556071166
43   1.5577348130000002
48   1.5645348829999999
47   1.564874331
52   1.5490171419999998
49   1.558656827
54   1.562860713
53   1.563256853
51   1.5649195310000001
50   1.621016289
57   1.54640741
58   1.546717658
55   1.555915537
60   1.559112925
59   1.559492076
56   1.565300656
