2   1.600581064
3   1.601110066
1   1.602732807
4   1.6083645739999999
5   1.611805556
6   1.614685507
10   1.6041132519999999
7   1.607588493
8   1.614055423
12   1.6144453159999999
11   1.6159072540000001
9   1.62202392
13   1.6028301520000001
16   1.603630712
15   1.60519185
17   1.613362197
18   1.614444762
14   1.619675768
23   1.6062746300000001
20   1.610282744
22   1.611523137
21   1.612165131
19   1.620656222
24   1.6312917329999999
25   1.6014846230000002
27   1.601770007
26   1.6023729
29   1.611446282
28   1.612981352
30   1.616259929
33   1.60248224
32   1.605295607
31   1.611643661
35   1.611178664
34   1.612573633
36   1.6190232519999999
38   1.603662514
40   1.605306889
42   1.606674746
41   1.609828193
39   1.6119054149999998
37   1.617267745
46   1.602568476
45   1.6027654820000001
44   1.6046827000000001
43   1.609324466
48   1.6113536750000002
47   1.623298615
49   1.600392179
52   1.601168817
53   1.601253759
54   1.60284227
51   1.605436423
50   1.6117800949999999
57   1.601025242
58   1.603100284
59   1.603766875
55   1.6074738549999998
56   1.608103031
60   1.611100956
